37
92
89
50
78
22
74
24
96
76
98
83
85
28
93
2
93
42
67
23
54
11
41
29
11
90
69
93
88
39
51
32
7
74
5
36
58
96
45
68
33
24
89
95
99
73
48
9
54
7
68
83
50
9
34
7
71
89
20
28
20
71
76
79
49
100
61
28
15
90
88
44
100
64
46
94
35
11
43
3
79
65
76
94
60
41
89
65
6
93
88
70
65
71
36
5
23
58
95
39
46
58
34
84
37
2
81
3
39
86
45
96
36
29
78
45
22
99
91
46
76
66
6
49
94
71
8
60
41
77
28
13
52
100
82
19
32
46
21
26
87
74
11
22
80
30
78
86
32
100
24
85
26
85
13
87
53
11
7
77
15
81
68
41
81
54
6
5
71
61
93
42
5
60
38
53
37
60
84
30
25
58
14
57
32
15
69
27
33
73
32
45
1
94
27
73
23
60
79
11
82
74
18
87
65
51
7
98
47
66
39
11
51
53
24
52
30
30
42
88
74
92
43
90
28
11
87
72
25
70
98
87
64
90
55
79
22
68
56
67
79
38
51
6
7
29
42
75
7
31
3
62
63
16
54
5
20
11
22
47
97
94
20
26
88
46
25
23
51
79
37
4
95
17
94
30
74
33
53
20
84
17
73
38
26
31
61
48
66
62
17
66
64
66
61
17
33
35
84
70
99
56
55
25
25
36
80
44
21
83
31
47
2
13
71
70
74
49
56
89
100
20
93
2
94
87
32
8
13
18
40
48
96
25
98
21
82
53
86
47
18
14
26
64
22
88
45
73
61
94
8
90
31
43
47
27
56
67
44
28
54
95
55
69
59
15
2
39
25
87
48
56
10
13
87
43
27
26
11
40
7
32
75
13
87
6
43
54
3
99
29
69
55
90
77
90
68
88
41
68
5
61
11
62
30
61
61
89
98
86
1
90
79
80
53
51
35
34
32
73
22
34
65
56
40
89
83
12
17
91
31
48
64
65
96
86
18
85
38
3
5
70
32
30
5
85
30
80
58
96
30
100
53
5
75
42
88
75
55
9
51
4
100
97
67
31
35
83
66
8
14
63
92
85
39
68
1
12
51
50
64
27
82
98
86
3
66
28
100
93
89
24
28
43
75
94
29
32
38
44
92
12
60
99
25
97
32
97
6
91
77
94
8
27
61
29
35
18
81
17
50
57
33
52
38
84
55
38
27
59
59
1
39
22
44
90
55
62
32
33
19
57
77
39
92
90
57
77
95
76
90
67
55
66
94
52
33
86
28
24
62
75
30
92
78
8
57
22
78
58
16
1
88
68
36
17
96
3
93
55
73
79
79
64
26
76
48
79
46
87
18
39
81
62
28
45
4
6
15
20
38
94
93
82
46
80
19
59
31
100
18
54
77
49
33
11
17
95
31
100
98
89
80
93
91
11
85
81
40
88
21
20
81
65
19
86
82
40
15
16
40
55
36
43
96
42
4
69
94
91
23
73
66
10
63
19
65
76
23
32
95
45
86
18
94
1
78
59
89
83
27
65
54
32
74
91
39
96
53
48
75
75
17
18
34
34
86
50
80
30
54
17
58
10
21
42
40
66
71
29
22
83
95
12
37
63
77
53
100
49
30
66
81
60
32
99
74
74
64
87
90
26
99
100
47
70
6
45
68
97
56
61
28
67
4
64
30
11
59
83
72
19
34
86
1
6
79
71
66
46
52
72
97
43
54
97
47
9
46
56
46
40
94
98
80
31
74
46
88
25
16
59
47
83
98
8
38
72
93
66
31
57
66
76
16
93
39
93
67
12
100
43
74
62
15
56
100
11
4
24
39
59
58
86
55
89
31
5
51
71
61
54
77
8
30
34
39
53
79
73
59
43
100
90
37
98
81
45
30
73
71
61
82
87
10
56
91
94
78
81
25
87
44
13
34
99
67
30
95
18
21
63
41
88
33
23
66
95
35
27
13
76
76
15
29
48
13
100
33
37
46
5
86
20
21
5
23
57
78
39
64
55
94
49
46
34
45
37
40
4
7
58
60
59
36
30
100
4
29
61
14
36
40
20
22
41
68
4
51
20
66
99
26
99
94
62
79
28
63
8
44
9
50
67
93
4
67
87
14
47
66
32
94
5
44
32
24
95
84
21
37
71
93
35
6
55
56
39
36
55
96
88
53
26
86
92
55
24
40
7
72
6
31
29
62
6
28
96
6
85
86
60
1
66
26
54
44
70
96
30
10
80
83
3
82
100
50
13
50
89
25
70
85
5
87
85
64
51
33
23
78
23
55
86
15
91
87
83
24
22
69
67
28
32
31
62
88
4
5
31
95
40
42
12
69
75
3
62
24
35
47
67
1
64
4
7
46
2
10
54
10
78
29
87
31
59
9
59
92
36
4
27
22
51
31
95
7
91
73
38
71
66
42
4
38
16
98
60
95
68
10
99
72
89
62
14
80
55
81
61
99
71
7
4
66
85
5
67
61
9
17
65
42
18
77
68
58
61
43
55
92
85
10
35
33
94
16
93
15
76
71
67
48
79
16
21
29
13
98
84
87
18
45
38
74
85
46
75
95
97
92
100
81
26
39
45
79
96
21
5
43
67
97
95
81
96
67
38
70
24
20
8
16
95
22
52
82
39
67
31
38
57
12
79
1
83
11
97
83
26
6
99
4
17
47
80
1
21
20
94
2
12
23
55
50
43
92
11
36
52
12
20
74
45
30
11
22
35
20
70
24
68
53
77
62
43
63
76
87
91
91
77
43
88
22
36
70
76
63
46
41
38
46
41
84
46
56
49
1
16
75
41
32
66
67
50
23
78
59
30
55
15
42
14
19
61
57
3
95
60
86
14
38
26
93
87
47
78
15
37
56
83
36
26
64
34
52
96
56
18
12
98
53
45
75
72
82
11
42
89
18
60
15
65
36
42
48
84
40
87
53
69
47
3
20
97
86
76
51
41
1
9
87
18
87
38
33
89
79
2
66
13
7
26
80
3
55
93
61
30
66
40
54
23
93
1
14
68
88
30
5
78
20
48
39
76
74
42
84
1
66
27
47
83
44
60
44
40
75
41
93
46
87
28
9
85
7
26
28
99
42
25
94
93
57
25
89
86
36
21
53
74
33
6
57
92
87
69
65
57
67
39
11
31
62
89
15
15
79
89
15
37
17
79
47
55
51
39
48
11
85
74
53
15
36
56
100
95
43
5
21
52
53
26
69
31
69
34
61
13
67
5
40
56
53
37
97
3
19
39
93
15
75
83
32
17
90
37
60
79
60
28
6
97
58
44
66
70
49
97
95
18
37
74
93
7
48
53
42
70
33
31
41
27
41
78
88
45
100
63
77
77
65
96
30
25
17
90
77
4
4
30
71
60
36
96
34
82
22
99
78
7
66
7
14
40
78
87
82
39
